%YAML:1.0
---
Tsai_result: !!opencv-matrix
   rows: 4
   cols: 4
   dt: d
   data: [ 9.9995746848185696e-01, -8.4743724087888474e-03,
       -3.6395383819073294e-03, -3.3417363481624794e-02,
       8.5490133883984985e-03, 9.9974276859754918e-01,
       2.1007403623300617e-02, -7.1836429739523033e-02,
       3.4605776166994882e-03, -2.1037624608886790e-02,
       9.9977269554302917e-01, 2.1120652342516085e-02, 0., 0., 0., 1. ]
DualQ_result: !!opencv-matrix
   rows: 4
   cols: 4
   dt: d
   data: [ 9.9988015644133044e-01, -1.4274834241278790e-02,
       -5.9918162725852335e-03, -3.1617519363248733e-02,
       1.4410660526539229e-02, 9.9962527672293444e-01,
       2.3273139018739009e-02, -7.1674645787029465e-02,
       5.6573507977892594e-03, -2.3356695913179210e-02,
       9.9971118786275970e-01, 1.9443535831691360e-02, 0., 0., 0., 1. ]
Inria_result: !!opencv-matrix
   rows: 4
   cols: 4
   dt: d
   data: [ 9.9995745365018696e-01, -8.4758421224932299e-03,
       -3.6401908945657801e-03, -3.3416721974970497e-02,
       8.5504972007834131e-03, 9.9974275173976446e-01,
       2.1007601991259329e-02, -7.1836396931353630e-02,
       3.4611973439411391e-03, -2.1037833636530574e-02,
       9.9977268899926852e-01, 2.1120365121449401e-02, 0., 0., 0., 1. ]
Navy_result: !!opencv-matrix
   rows: 4
   cols: 4
   dt: d
   data: [ 4.2284671438489383e+00, -7.4933341218438212e+00,
       1.2194870821008987e+01, -1.2823545938077208e-01,
       -1.0935899178724920e-01, 1.6912743466458688e+00,
       -3.1584315775538530e+00, 1.5224218681945869e+00,
       1.1464241694197073e+00, -6.9148260888224877e+00,
       1.2735278470449238e+01, -3.6918333634979250e-01, 0., 0., 0., 1. ]
Kron_result: !!opencv-matrix
   rows: 4
   cols: 4
   dt: d
   data: [ 9.9999030677421641e-01, -8.4762298542857568e-03,
       -3.6445172352158385e-03, -3.3416983440775774e-02,
       8.5504197529618197e-03, 9.9975431466490861e-01,
       2.1033385355798379e-02, -7.1845014351874167e-02,
       3.4569665338601281e-03, -2.1011288095254120e-02,
       9.9972828260882518e-01, 2.1101462148268177e-02, 0., 0., 0., 1. ]
