%YAML:1.0
---
Matrix01: !!opencv-matrix
   rows: 4
   cols: 4
   dt: d
   data: [ -8.2609092401728956e-01, -1.6681743136975904e-01,
       5.3828034503170974e-01, 3.8617166589092533e-02,
       -5.4891927744323532e-01, 4.5433917218340342e-01,
       -7.0161495385353367e-01, -4.3867781162660874e-01,
       -1.2752024195184530e-01, -8.7507020358991516e-01,
       -4.6689477045866284e-01, 2.6839389673172720e-01, 0., 0., 0., 1. ]
Matrix02: !!opencv-matrix
   rows: 4
   cols: 4
   dt: d
   data: [ -8.7826704040794479e-01, -2.4782068073655167e-01,
       4.0893999062495912e-01, 1.6563221629220404e-01,
       -4.7685709642398050e-01, 3.9058505963157519e-01,
       -7.8743293097424472e-01, -3.7426794627398674e-01,
       3.5416314364429990e-02, -8.8658232634757117e-01,
       -4.6121303460003038e-01, 3.9520822812888667e-01, 0., 0., 0., 1. ]
Matrix03: !!opencv-matrix
   rows: 4
   cols: 4
   dt: d
   data: [ -8.4371641507805095e-01, -2.0967574222681365e-01,
       4.9414440606919430e-01, 1.5340809307717834e-01,
       -5.1295308724498190e-01, 5.8620271060382834e-01,
       -6.2709290568987186e-01, -2.3368210054501667e-01,
       -1.5818261982178738e-01, -7.8256147694756806e-01,
       -6.0214266879532530e-01, 4.8318443967656260e-01, 0., 0., 0., 1. ]
Matrix04: !!opencv-matrix
   rows: 4
   cols: 4
   dt: d
   data: [ -7.7086096006416915e-01, -2.9869521207552380e-01,
       5.6263180725240314e-01, 2.5238358315994930e-01,
       -6.2897003266892715e-01, 2.1707261299983588e-01,
       -7.4650932927182645e-01, -3.6724137209354579e-01,
       1.0084680586610603e-01, -9.2933344444746058e-01,
       -3.5520314015788562e-01, 3.2124458606682460e-01, 0., 0., 0., 1. ]
Matrix05: !!opencv-matrix
   rows: 4
   cols: 4
   dt: d
   data: [ -7.8485465305826618e-01, 9.7258449951590858e-02,
       6.1199997343611234e-01, 2.9706435615550197e-03,
       -4.6562015790188138e-01, 5.5912462097603954e-01,
       -6.8598653541729726e-01, -4.4941519383885720e-01,
       -4.0890224030716105e-01, -8.2335924852485498e-01,
       -3.9354606558873223e-01, 2.9837215000520045e-01, 0., 0., 0., 1. ]
Matrix06: !!opencv-matrix
   rows: 4
   cols: 4
   dt: d
   data: [ -8.2978398875506265e-01, -3.4836021431140557e-01,
       4.3600882226240534e-01, 2.1394910852403215e-01,
       -5.5320708129022689e-01, 4.1036440413954361e-01,
       -7.2495722703173726e-01, -2.9759058675061129e-01,
       7.3623754428082111e-02, -8.4276106750377877e-01,
       -5.3322914950685563e-01, 4.8968405367505330e-01, 0., 0., 0., 1. ]
Matrix07: !!opencv-matrix
   rows: 4
   cols: 4
   dt: d
   data: [ -7.9695737343712048e-01, -3.1372030035333021e-01,
       5.1617682829668210e-01, 2.5253040399816701e-01,
       -5.9666469887339280e-01, 2.7577666079018059e-01,
       -7.5361692555418458e-01, -4.0319407199106805e-01,
       9.4075406151286706e-02, -9.0858505738848372e-01,
       -4.0696807177939204e-01, 3.5625667395046962e-01, 0., 0., 0., 1. ]
Matrix08: !!opencv-matrix
   rows: 4
   cols: 4
   dt: d
   data: [ -5.9834935388334143e-01, 1.6408802592024330e-01,
       7.8425325658041456e-01, 2.0169636972881683e-02,
       -5.0040737533911583e-01, 6.8790539233197978e-01,
       -5.2571725281447845e-01, -4.7126338800671774e-01,
       -6.2575595036212417e-01, -7.0700869227342777e-01,
       -3.2949688865938082e-01, 3.4158024212089727e-01, 0., 0., 0., 1. ]
Matrix09: !!opencv-matrix
   rows: 4
   cols: 4
   dt: d
   data: [ -7.8949275920680917e-01, -4.8680173701178275e-01,
       3.7379841091466737e-01, 3.3019620499034930e-01,
       -4.9024216202360993e-01, 1.3373658865002888e-01,
       -8.6126485324240953e-01, -2.9823400948292833e-01,
       3.6927470226707387e-01, -8.6321410652199382e-01,
       -3.4423480440972248e-01, 3.0551004914987634e-01, 0., 0., 0., 1. ]
Matrix10: !!opencv-matrix
   rows: 4
   cols: 4
   dt: d
   data: [ -8.0423911321567232e-01, -4.8854477841093313e-01,
       3.3841313251923549e-01, 2.2735364423353496e-01,
       -5.1021995960548094e-01, 2.7558401702687291e-01,
       -8.1469567470283866e-01, -1.5828822408815538e-01,
       3.0475406739574551e-01, -8.2787526176758319e-01,
       -4.7090074257639997e-01, 4.8585589553782377e-01, 0., 0., 0., 1. ]
Matrix11: !!opencv-matrix
   rows: 4
   cols: 4
   dt: d
   data: [ -8.0168877043507281e-01, -3.2272402861355959e-01,
       5.0313449167567115e-01, 2.5442589666474480e-01,
       -5.8473833718847978e-01, 2.4880527266070770e-01,
       -7.7212499850625416e-01, -3.9557679264474099e-01,
       1.2400077572480511e-01, -9.1320596671926402e-01,
       -3.8817350497938574e-01, 2.9193160525697637e-01, 0., 0., 0., 1. ]
Matrix12: !!opencv-matrix
   rows: 4
   cols: 4
   dt: d
   data: [ -4.7266989306156487e-01, -8.0364568474645448e-01,
       3.6157542170558421e-01, 2.8869152360418660e-01,
       -5.1419826971431326e-01, -8.1698551051761520e-02,
       -8.5377133131702743e-01, -3.6492162449091470e-01,
       7.1566983422244035e-01, -5.8947346008488366e-01,
       -3.7461677517108055e-01, 2.9238417530256389e-01, 0., 0., 0., 1. ]
Matrix13: !!opencv-matrix
   rows: 4
   cols: 4
   dt: d
   data: [ -8.4719583190599446e-01, -3.2558826030174864e-01,
       4.1982318558506354e-01, 2.9235478826630384e-01,
       -4.8689896123519000e-01, 1.5964175012088336e-01,
       -8.5874554622800481e-01, -3.6201896378049964e-01,
       2.1257616035012697e-01, -9.3193712039601795e-01,
       -2.9377641103188468e-01, 2.8257459962514853e-01, 0., 0., 0., 1. ]
Matrix14: !!opencv-matrix
   rows: 4
   cols: 4
   dt: d
   data: [ -9.0085873302060115e-01, -2.1658188498144815e-01,
       3.7622577030075971e-01, 2.6090660065479554e-01,
       -4.2897286197152951e-01, 3.1116087264395109e-01,
       -8.4803372281260692e-01, -3.2347228016198953e-01,
       6.6602003216662306e-02, -9.2534923052506912e-01,
       -3.7321974054729495e-01, 3.9284141317339838e-01, 0., 0., 0., 1. ]
Matrix15: !!opencv-matrix
   rows: 4
   cols: 4
   dt: d
   data: [ -8.8039866312148352e-01, 2.8188182142323770e-01,
       3.8136705773443819e-01, 2.6599152272003240e-01,
       -2.0408004187164816e-01, 5.0070691220364272e-01,
       -8.4121574199557148e-01, -3.2488390543675666e-01,
       -4.2807654745801099e-01, -8.1843461976055942e-01,
       -3.8329524220086220e-01, 3.7594451403563878e-01, 0., 0., 0., 1. ]
Matrix16: !!opencv-matrix
   rows: 4
   cols: 4
   dt: d
   data: [ -9.4593891481132730e-01, 2.1804380443333521e-02,
       3.2361109134121246e-01, 2.1238532227287396e-01,
       -2.7969904252944289e-01, 4.5032749891323409e-01,
       -8.4792310343017785e-01, -2.1377820633582517e-01,
       -1.6421941131815401e-01, -8.9259717270224059e-01,
       -4.1988364129873573e-01, 3.8715376155967940e-01, 0., 0., 0., 1. ]
Matrix17: !!opencv-matrix
   rows: 4
   cols: 4
   dt: d
   data: [ -9.2845411709233672e-01, -7.8378484804830090e-02,
       3.6308368949043762e-01, 2.7255524544055848e-01,
       -3.6098730894818504e-01, 4.2072927613410543e-01,
       -8.3227101294110850e-01, -3.5461037458366873e-01,
       -8.7527796914106865e-02, -9.0379405249391320e-01,
       -4.1892146691712068e-01, 3.2582301830874283e-01, 0., 0., 0., 1. ]
Matrix18: !!opencv-matrix
   rows: 4
   cols: 4
   dt: d
   data: [ -7.6441152204137519e-01, -8.8341134009506189e-02,
       6.3864768770606428e-01, 1.5578673751623376e-01,
       -6.3762149367420384e-01, 2.5026136601861598e-01,
       -7.2856576881100699e-01, -4.2518586811196535e-01,
       -9.5466516512678137e-02, -9.6413956081078356e-01,
       -2.4763087752645840e-01, 2.7875262578120336e-01, 0., 0., 0., 1. ]
