%YAML:1.0
TranslationVectors01: !!opencv-matrix
   rows: 3
   cols: 1
   dt: f
   data: [ 47.949857, -101.404111, 871.579707]
TranslationVectors02: !!opencv-matrix
   rows: 3
   cols: 1
   dt: f
   data: [ 66.553422, 23.653821, 927.409085]
TranslationVectors03: !!opencv-matrix
   rows: 3
   cols: 1
   dt: f
   data: [ 262.740748, -177.222819, 1038.105210]
TranslationVectors04: !!opencv-matrix
   rows: 3
   cols: 1
   dt: f
   data: [ 275.207228, 109.846309, 838.958047]
TranslationVectors05: !!opencv-matrix
   rows: 3
   cols: 1
   dt: f
   data: [ 70.700904, -26.152744, 904.978583]
TranslationVectors06: !!opencv-matrix
   rows: 3
   cols: 1
   dt: f
   data: [ 205.230778, 14.926840, 1004.566770]
TranslationVectors07: !!opencv-matrix
   rows: 3
   cols: 1
   dt: f
   data: [ 220.808970, 96.026358, 835.558041]
TranslationVectors08: !!opencv-matrix
   rows: 3
   cols: 1
   dt: f
   data: [ 286.529779, -75.367961, 851.570486]
TranslationVectors09: !!opencv-matrix
   rows: 3
   cols: 1
   dt: f
   data: [ 173.211980, 114.160396, 897.677879]
TranslationVectors10: !!opencv-matrix
   rows: 3
   cols: 1
   dt: f
   data: [ 145.017781, 38.909272, 1127.968697]
TranslationVectors11: !!opencv-matrix
   rows: 3
   cols: 1
   dt: f
   data: [ 211.826890, 55.387039, 817.413260]
TranslationVectors12: !!opencv-matrix
   rows: 3
   cols: 1
   dt: f
   data: [ 102.761963, 102.107368, 850.558992]
TranslationVectors13: !!opencv-matrix
   rows: 3
   cols: 1
   dt: f
   data: [ 149.856318, 125.259238, 842.319643]
TranslationVectors14: !!opencv-matrix
   rows: 3
   cols: 1
   dt: f
   data: [ 117.376053, 112.802934, 933.814102]
TranslationVectors15: !!opencv-matrix
   rows: 3
   cols: 1
   dt: f
   data: [ 134.544153, 33.335140, 922.287429]
TranslationVectors16: !!opencv-matrix
   rows: 3
   cols: 1
   dt: f
   data: [ 58.981507, -6.513351, 1044.629380]
TranslationVectors17: !!opencv-matrix
   rows: 3
   cols: 1
   dt: f
   data: [ 107.560806, 5.611953, 874.316976]
TranslationVectors18: !!opencv-matrix
   rows: 3
   cols: 1
   dt: f
   data: [ 234.016196, 121.527259, 818.838416]
TranslationVectors19: !!opencv-matrix
   rows: 3
   cols: 1
   dt: f
   data: [ 182.519243, 161.227883, 966.160324]
RotationVectors01: !!opencv-matrix
   rows: 3
   cols: 1
   dt: f
   data: [ -0.012983, -0.376822, 2.967320]
RotationVectors02: !!opencv-matrix
   rows: 3
   cols: 1
   dt: f
   data: [ -0.237416, -0.387086, 3.077048]
RotationVectors03: !!opencv-matrix
   rows: 3
   cols: 1
   dt: f
   data: [ -0.034796, -0.598959, 2.883645]
RotationVectors04: !!opencv-matrix
   rows: 3
   cols: 1
   dt: f
   data: [ -0.001175, 0.202064, -3.036567]
RotationVectors05: !!opencv-matrix
   rows: 3
   cols: 1
   dt: f
   data: [ 0.058866, -0.256254, 2.687357]
RotationVectors06: !!opencv-matrix
   rows: 3
   cols: 1
   dt: f
   data: [ 0.134251, 0.516137, -3.061250]
RotationVectors07: !!opencv-matrix
   rows: 3
   cols: 1
   dt: f
   data: [ 0.061574, 0.291151, -3.049340]
RotationVectors08: !!opencv-matrix
   rows: 3
   cols: 1
   dt: f
   data: [ 0.357386, -0.275988, 2.476500]
RotationVectors09: !!opencv-matrix
   rows: 3
   cols: 1
   dt: f
   data: [ 0.300748, 0.232506, -2.796131]
RotationVectors10: !!opencv-matrix
   rows: 3
   cols: 1
   dt: f
   data: [ 0.282385, 0.428575, -2.850809]
RotationVectors11: !!opencv-matrix
   rows: 3
   cols: 1
   dt: f
   data: [ 0.093023, 0.260235, -3.026363]
RotationVectors12: !!opencv-matrix
   rows: 3
   cols: 1
   dt: f
   data: [ 0.209861, 0.304698, -2.327760]
RotationVectors13: !!opencv-matrix
   rows: 3
   cols: 1
   dt: f
   data: [ 0.276741, 0.129651, -2.965469]
RotationVectors14: !!opencv-matrix
   rows: 3
   cols: 1
   dt: f
   data: [ -0.334792, -0.247643, 3.102031]
RotationVectors15: !!opencv-matrix
   rows: 3
   cols: 1
   dt: f
   data: [ -0.313913, -0.138131, 2.557805]
RotationVectors16: !!opencv-matrix
   rows: 3
   cols: 1
   dt: f
   data: [ -0.401378, -0.246266, 2.814391]
RotationVectors17: !!opencv-matrix
   rows: 3
   cols: 1
   dt: f
   data: [ -0.342437, -0.273687, 2.921345]
RotationVectors18: !!opencv-matrix
   rows: 3
   cols: 1
   dt: f
   data: [ 0.105175, -0.035104, 3.051343]
RotationVectors19: !!opencv-matrix
   rows: 3
   cols: 1
   dt: f
   data: [ 0.197352, 0.148373, -3.128763]
Distortion: !!opencv-matrix
   rows: 4
   cols: 1
   dt: f
   data: [ 0.094178, -0.093156, 0.004047, 0.001420]
IntrinsicMatrix: !!opencv-matrix
   rows: 3
   cols: 3
   dt: f
   data: [ 620.270864, 0.000000, 322.410695,
        0.000000, 620.389458, 251.699283,
        0.000000, 0.000000, 1.000000]
