%YAML:1.0
---
Matrix01: !!opencv-matrix
   rows: 4
   cols: 4
   dt: d
   data: [ -7.4837801651680702e-01, 2.5758167491916290e-01,
       -6.1121356753610145e-01, -1.4081699184274432e-01,
       4.7537255471016449e-01, -4.3433964665878189e-01,
       -7.6509476901143170e-01, 6.3496442397129552e-02,
       -4.6254867703053842e-01, -8.6313426075331001e-01,
