%YAML:1.0
---
rightpos01_angel_0: -1.7551797072040003e+00
rightpos01_angel_1: -5.1915486276660161e-01
rightpos01_angel_2: -1.6701593399047852e+00
rightpos01_angel_3: -7.2199376047167974e-01
rightpos01_angel_4: 1.0921473503112793e+00
